3014076
25589
3010583
3017304
10054224
3006882
3000655
3001110
1002097
1000111651
24150
26958
10047317
1002072
3010096
3000355
1000110964
10062453
1000111803
3008269
26034
3011975
1000102619
3016190
3010914
3001905
1018966
3020336
23683
1000111732
1000096365
3002317
1020056
26185
3017609
27858
25669
3018485
1000114352
1004178
25466
3016671
1000105893
26279
10043376
1000109030
10045390
100452
1000110730
10062153
1013749
10046590
10053561
26791
25311
3009573
10039673
1000109414
1000112963
25972
1000109417
24916
27378
1009175
1000112362
24317
1018886
3010348
1009172
27476
1009157
1009175
23698
24035
24673
1019710
10044959
1009259
24135
1009316
10044958
25328
28012
27191
1000105053
1020157
25065
10040733
1000105321
1000111808
1000102246
1000110158
10046920
3011037
1018942
3015801
10048575
10067448
1017961
1000111785
25403
26666
10045823
26521
28084
26397
1018700
1000108428
10048018
28226
24366
1000101047
10041035
1020526
3012296
10042443
10041032
3014180
3002120
3017235
100552
1000112630
3012517
26395
10047681
3002286
24966
3000396
10059184
1000112036
3008698
3017413
10059842
25122
23940
10046988
1020096
10057991
24976
1009319
24889
3000729
10047009
10045102
24889
1018732
3011249
10042551
3009854
3015505
26384
23727
28213
23384
3018326
10064603
27263
1000113240
3006927
1000100312
23654
3001918
3003950
3010750
1000110399
25588
3017491
1020024
1000105222
10061288
3000378
23787
10065042
3002331
26434
1000100548
10064898
10065652
10046987
27170
25543
3013143
10054186
1002745
26352
10047642
1000109243
26929
27440
3009511
1000100058
23244
10065482
27306
1002087
3007708
3012313
3011262
10051705
3016345
10065927
1000111517
3000224
26109
3009680
3012076
10059284
3011740
10044646
10047282
1019124
10041074
10055518
1009259
27195
3010407
1009472
1000104798
1009467
3001897
25219
1002897
27095
3000341
24020
24887
24486
25995
1019445
10055732
10048869
10042644
1009105
1000113767
1009092
10060860
1000103239
3020476
3020477
10052796
3009646
3000253
1019693
3014774
10061484
10053222
1000113509
10068223
1020346
10046536
26568
23786
3008754
3000349
1019067
1009320
10055566
1000111650
24170
26348
10056714
3000222
24973
10051163
10057449
26162
3009739
1018732
26989
3007195
10054621
1000101865
10061911
24367
23944
24961
10066328
1000109660
10067342
1000108717
10064899
3010327
1000112007
1000109332
1000099740
23361
3002091
100328
10066555
3009950
1002127
3000366
25645
3010951
1000104255
1000101428
3002172
10053120
3008976
10068551
1000111151
3009256
10062708
3012380
10067450
10045540
1000101266
1000099516
10066734
10065153
1019037
1019086
3014723
3017597
24597
3016060
3010937
3001564
1000099647
3015614
28161
3000698
10058149
1012337
10067750
3001387
3013914
1000106266
10066129
23602
24102
23965
10067887
27397
1000110007
3020480
10067926
24084
100142
10054221
24291
1000112599
10067073
24149
3018157
1002897
24636
26712
25304
26894
27588
10047207
10068149
25986
23965
3013325
3008754
3009829
1019067
1009320
3010541
1004179
1004178
1020196
27009
26161
1009419
26134
1000109249
1000111990
1018737
1000111897
10049006
1000099484
10039975
1019920
1000103330
3000193
3020242
26902
26072
1000111989
3018211
3017110
3016665
23826
10041219
10045680
27009
10068009
10060397
1000113060
10062504
10064828
3014036
3013439
10046159
3016005
10040586
10052027
27589
27820
3016067
23224
1000102469
10044175
1014237
1000105746
3008850
3015988
25137
26893
10064806
1014427
10054367
1000111589
10066374
10047256
3002221
3018491
10042055
100531
10047319
1000101390
3006953
10041990
10054291
3017752
10065715
26329
23725
3000403
10065713
100138
27624
23760
26250
26233
1000099346
1018932
10064298
10041144
10048442
3002115
10066352
27234
3010002
10043192
10064899
25636
10046928
1019513
3006826
25310
1000104671
1000111618
10065715
1017209
3010999
1000102514
10065713
3006819
10057794
10051717
23815
3011519
10062151
10047535
1019090
3020270
25580
1000106119
1019507
23227
27683
1000105382
24325
23960
10041170
25277
10066950
3013712
10051210
1000105393
3014198
3011960
10039854
1000112566
10068095
27361
1000110203
3001492
26224
10046121
1009129
3010274
10046512
10059475
3001973
3011487
27149
27316
10044423
10063930